5,6
优化是否开启*,0,1
时延,0,500,1000
丢包率,0,1,2
压缩算法,0,1
连接个数,1,3,10
应用,lingxi,searchInternet,sina,south,xunlei
IP吞吐率,TCP吞吐率,应用层吞吐率,应用层时延,TCP重传率,应用层请求成功率
off,0,0,1,3,lingxi,7804.04405791,10818.8152874,5932.05299456,236.607967138,0.203296703297,1.0
off,0,0,1,3,lingxi,8107.92337681,17754.2805988,5963.14400091,235.374325991,0.203627107859,1.0
off,0,0,1,3,lingxi,6863.82403457,14425.8185055,5158.65710459,272.080693007,0.21131713555,0.995951417004
off,0,2,1,3,lingxi,7258.05328351,14507.3356084,5575.11048228,251.756625175,0.208969775756,1.0
off,0,2,1,3,lingxi,6764.78895959,12508.4904569,5181.21508211,270.896107912,0.211376858436,1.0
off,1000,0,1,3,lingxi,5027.04378751,118.094016,3098.73477091,452.949704885,0.213483146067,1.0
off,1000,0,1,3,lingxi,4649.22067031,108.748891246,2812.54218179,499.03998208,0.215204678363,0.991902834008
off,1000,2,1,3,lingxi,4737.14595727,114.588163232,2824.83586245,496.868160963,0.222434185425,0.995951417004
off,500,0,1,3,lingxi,6771.27907031,125.392725084,3930.25063116,357.119973183,0.215,1.0
off,500,0,1,3,lingxi,6143.76552296,106.8752362,3547.23933338,395.6798141,0.233256351039,0.995951417004
off,500,2,1,3,lingxi,6366.36642147,145.493385119,4269.88052108,328.714349985,0.208769887466,1.0
off,500,2,1,3,lingxi,5666.15796856,128.383201517,3679.66440834,381.439947844,0.222898440472,1.0
off,500,2,1,3,lingxi,5448.44158385,126.550422142,3653.60928581,384.160125017,0.212948517941,0.995951417004
on,0,0,1,3,lingxi,5738.33624498,2487.14436988,4661.04640622,301.12787509,0.141258741259,0.975708502024
on,0,0,1,3,lingxi,5967.4780393,1755.81345601,4677.19423438,300.088243008,0.188400938652,0.983805668016
on,0,0,1,3,lingxi,4803.21737939,2332.14489294,3794.48652523,369.897479057,0.139550486414,0.975708502024
on,0,2,1,3,lingxi,6518.67302046,2365.93815032,5073.18908114,276.664436817,0.196547144754,0.983805668016
on,0,2,1,3,lingxi,5787.3439658,1417.10344396,4483.0883656,313.081270218,0.216743878226,0.975708502024
on,0,2,1,3,lingxi,5462.65738011,1691.85925913,4262.56172062,329.278751135,0.204545454545,0.971659919028
on,1000,0,1,3,lingxi,2520.45035334,795.288535939,1913.62941762,733.460191965,0.203129890454,0.874493927126
on,1000,0,1,3,lingxi,2642.75980684,814.807657919,2008.38647167,698.85503602,0.183816502071,0.858299595142
on,1000,2,1,3,lingxi,2671.13831496,813.202365387,2001.34643097,701.313364983,0.230046948357,0.902834008097
on,1000,2,1,3,lingxi,2588.03018711,790.340811542,1928.57683827,727.775514126,0.230769230769,0.87044534413
on,500,0,1,3,lingxi,4614.29915303,1298.45394028,3561.82978911,394.058976173,0.18799734748,0.967611336032
on,500,0,1,3,lingxi,4329.17607945,1319.63604243,3328.33742636,421.703337193,0.187724453151,0.943319838057
on,500,0,1,3,lingxi,3623.10832918,998.457177676,2799.97212889,501.28034687,0.207644962747,0.931174089069
on,500,0,1,3,lingxi,3498.01707002,1066.9098199,2655.96320871,528.460257053,0.191152728447,0.951417004049
on,500,2,1,3,lingxi,3698.87018076,1089.06878629,2829.49740573,496.049580097,0.201231367466,0.955465587045
on,500,2,1,3,lingxi,3881.09602619,1181.88578127,2912.6741252,481.883980036,0.227243994943,0.947368421053
on,500,2,1,3,lingxi,3183.5647852,911.51560021,2414.58665369,581.288311958,0.202860858257,0.927125506073
on,500,2,1,1,searchInternet,3245.77193112,1044.72659125,2724.33882947,575.182126045,0.217210492642,0.927884615385
on,500,2,1,1,searchInternet,2972.23349827,977.757912854,2498.70739043,627.120648861,0.22383252818,0.908653846154
on,500,2,1,10,searchInternet,2708.02967649,845.907074634,2344.97152728,668.23455286,0.243073878628,0.865384615385
on,500,2,1,10,searchInternet,2622.64473508,595.609586552,2269.94760797,690.320338011,0.226940942269,0.884615384615
off,0,0,1,3,searchInternet,5020.91899975,3188.11868405,4635.63269818,338.031742811,0.218824328916,1.0
off,0,0,1,3,searchInternet,4575.14995402,9313.52350903,4331.41195951,361.773715973,0.207702888583,1.0
off,0,2,1,3,searchInternet,4966.94824357,12621.1106017,4819.95865384,325.104655981,0.201701524282,1.0
off,0,2,1,3,searchInternet,4908.52305181,3520.7229497,4446.2751867,352.427803993,0.221387085753,1.0
off,1000,0,1,3,searchInternet,3869.95651763,74.4692544575,3263.86725852,480.102551937,0.215630114566,1.0
off,1000,0,1,3,searchInternet,3457.24888645,76.0661453682,2918.58993944,536.900021076,0.227863525589,0.995192307692
off,1000,0,1,3,searchInternet,2696.49265935,74.6132752217,2312.49270263,677.61986804,0.224059528731,0.985576923077
off,1000,2,1,3,searchInternet,2744.61103079,83.1555911626,2394.25348969,654.479990005,0.243121149897,0.985576923077
off,1000,2,1,3,searchInternet,2755.42273592,77.5821718788,2363.14969768,663.094259977,0.211331679074,0.980769230769
off,500,0,1,3,searchInternet,4432.13030798,82.3358408792,3610.41420783,434.019730091,0.232643118149,1.0
off,500,0,1,3,searchInternet,4323.26909408,88.3563062931,3555.22119544,440.757667065,0.228827361564,0.995192307692
off,500,2,1,3,searchInternet,4121.29222268,84.3681740414,3395.41291119,461.502338886,0.230268510985,0.995192307692
off,500,2,1,3,searchInternet,3961.24665047,82.2415906851,3274.55909625,478.534958124,0.22477440525,0.990384615385
on,0,2,1,3,searchInternet,3690.81789684,1534.27926384,3289.82628844,476.314207077,0.19216225507,0.942307692308
on,0,2,1,3,searchInternet,3703.24241848,1321.6918199,3255.1690457,481.385445118,0.19727427598,0.951923076923
on,1000,2,1,3,searchInternet,2508.05491825,784.982840729,2085.62161328,751.330437899,0.231556106634,0.846153846154
on,1000,2,1,3,searchInternet,2378.36721359,512.056085976,2044.22290612,766.546052933,0.236765183501,0.850961538462
on,500,2,1,3,searchInternet,3006.52752499,880.073915664,2576.03464726,608.295778036,0.232984293194,0.918269230769
on,500,2,1,3,searchInternet,2821.78868742,946.244261613,2390.67968797,655.458365202,0.229407979408,0.913461538462
off,0,2,1,3,sina,5358.53039179,20804.5232462,5715.70810446,268.300615072,0.167782591571,1.0
off,0,2,1,3,sina,5886.33202496,9058.73709302,5993.47789812,255.866130829,0.149961149961,1.0
off,0,2,1,3,sina,6010.16803709,19935.4429709,6202.58835037,247.240009069,0.159274971076,1.0
off,1000,2,1,3,sina,4465.24381925,115.565812063,3976.98250069,385.600892067,0.174630755864,1.0
off,1000,2,1,3,sina,4362.83477806,110.252718953,3924.66488508,390.741132021,0.183913043478,1.0
off,500,2,1,3,sina,5314.72249059,172.090669956,4656.15368532,329.355108023,0.19099177133,1.0
off,500,2,1,3,sina,5287.03989022,193.901249783,4721.78193999,324.777386904,0.186381492798,1.0
on,0,2,1,3,sina,6986.69810556,2614.23821399,6548.72514419,234.171990156,0.111245465538,1.0
on,1000,2,1,3,sina,4715.83556099,1475.38933018,4341.48650415,353.226480961,0.127458396369,1.0
on,1000,2,1,3,sina,4359.24734549,1358.2667869,4028.40411579,380.6787889,0.135474344777,0.982954545455
on,1000,2,1,3,sina,4204.58085483,1311.97951916,3766.58434022,407.140226126,0.141502552881,0.994318181818
on,500,2,1,3,sina,6223.94543397,2017.05484745,5746.1730749,266.878143072,0.12337902927,1.0
on,500,2,1,3,sina,5791.24469093,1976.58396344,5415.07097512,283.196288109,0.105661881978,1.0
on,500,2,1,3,sina,5282.08901373,1809.28353864,4928.05932547,311.182942152,0.125413907285,1.0
off,0,0,1,3,south,10192.8315611,8749.50527281,9572.8031225,143.220849991,0.230339492909,1.0
off,0,0,1,3,south,8901.06161079,7867.02471981,8331.22473712,164.564640045,0.228055077453,1.0
off,0,2,1,3,south,6818.8159039,12363.1199276,6362.43657968,215.487413168,0.243183817062,0.982300884956
off,0,2,1,3,south,5894.65245177,6024.81863724,5435.96599589,252.213682175,0.24192139738,1.0
off,1000,0,1,3,south,2682.61711139,128.534924197,2291.96963002,598.186372995,0.251051893408,0.982300884956
off,1000,0,1,3,south,2238.08150699,114.696589965,1926.33919148,711.725643158,0.274930102516,0.973451327434
off,1000,2,1,3,south,3596.51593804,124.287997723,3101.68319373,442.026124001,0.237827715356,0.991150442478
off,1000,2,1,3,south,3382.6325206,124.668763942,2889.88366843,474.42221117,0.272811918063,0.991150442478
off,500,0,1,3,south,4333.9318002,178.073437779,3673.62626641,373.207534075,0.258364312268,0.973451327434
off,500,0,1,3,south,4058.87962468,138.669770294,3409.38080114,402.133137941,0.256517690875,0.991150442478
off,500,2,1,3,south,3439.96318557,170.951164505,2939.92916562,466.346269846,0.253402158611,0.973451327434
off,500,2,1,3,south,3291.00890539,154.843209064,2816.10620966,486.851310968,0.251171508903,0.991150442478
on,0,0,1,3,south,13283.1531111,4091.87229421,10556.0163608,129.880908966,0.235859946133,1.0
on,0,2,1,3,south,9421.93840524,3003.62705857,7660.58836976,178.971240044,0.232494099135,0.982300884956
on,0,2,1,3,south,9484.09490313,2921.97096087,7473.63190922,183.448290825,0.25,0.991150442478
on,1000,0,1,3,south,3081.61593616,951.338693226,2348.86549829,583.69668293,0.241328413284,0.929203539823
on,1000,0,1,3,south,2881.60550546,902.547640307,2206.02413887,621.491386175,0.251295336788,0.964601769912
on,1000,0,1,3,south,2560.79414051,789.29526514,1962.24788679,698.70122385,0.262056074766,0.920353982301
on,1000,2,1,3,south,3067.15997419,955.424681805,2332.01015489,587.915535927,0.247958426132,0.991150442478
on,1000,2,1,3,south,3051.65326178,947.317303723,2326.07264672,589.416242838,0.247228381375,0.973451327434
on,500,0,1,3,south,4591.78366856,1423.14326851,3516.82071094,389.847851992,0.254807692308,0.982300884956
on,500,0,1,3,south,4490.0041045,1399.82625958,3461.5547862,396.072021008,0.251485884101,0.991150442478
on,500,2,1,3,south,3910.59900733,1218.33490619,2942.49017567,465.940383196,0.267837541164,0.973451327434
off,0,0,1,3,xunlei,1059.31948769,2977.91412308,959.691430179,389.077143192,0.222052067381,1.0
off,0,0,1,3,xunlei,996.389209233,5478.04275145,899.05647505,415.317625046,0.198461538462,1.0
off,0,2,1,3,xunlei,1098.99456127,3647.39977882,960.746704028,388.649785042,0.233281493002,1.0
off,0,2,1,3,xunlei,1050.27700709,2508.51836537,923.837409799,404.177181005,0.224299065421,1.0
off,1000,0,1,3,xunlei,836.499933521,107.719903399,707.185549859,528.000041962,0.195286195286,1.0
off,1000,0,1,3,xunlei,1004.82680769,114.363243522,836.518916685,446.366474867,0.246688741722,1.0
off,1000,2,1,3,xunlei,948.858023989,172.240561991,795.842396233,469.180835009,0.271132376396,0.973684210526
off,1000,2,1,3,xunlei,973.733908275,116.601703181,816.748918815,457.171097994,0.261157024793,0.973684210526
off,500,0,1,3,xunlei,1145.89397637,120.931071407,930.267305759,401.383556843,0.263843648208,1.0
off,500,0,1,3,xunlei,1083.89221972,110.748295706,883.767884691,422.502340794,0.278877887789,1.0
off,500,2,1,3,xunlei,1114.74649514,128.005397558,892.859845523,418.200014114,0.271544715447,1.0
off,500,2,1,3,xunlei,1047.57373142,131.778986988,861.228100098,433.559936047,0.245,1.0
on,0,0,1,3,xunlei,1199.84466519,371.083787265,985.052755556,379.059900999,0.197202797203,1.0
on,0,0,1,3,xunlei,1205.54528984,372.095162505,985.061115511,379.056684017,0.220833333333,1.0
on,0,2,1,3,xunlei,1197.81110194,370.109683456,982.417692301,380.076624155,0.223163841808,1.0
on,0,2,1,3,xunlei,1209.51646521,373.796102712,982.456021571,380.06179595,0.192254495159,1.0
on,1000,0,1,3,xunlei,1059.65240135,326.618305214,827.123685109,451.436715841,0.220293724967,0.921052631579
on,1000,0,1,3,xunlei,1045.57698126,318.889009689,822.899177637,453.754251003,0.210116731518,0.894736842105
on,1000,0,1,3,xunlei,1028.40678434,315.423572881,809.708300821,461.146316051,0.213315217391,1.0
on,1000,2,1,3,xunlei,1059.76757582,327.416219066,846.246643458,441.235428095,0.223943661972,0.947368421053
on,1000,2,1,3,xunlei,1056.69713744,326.471332552,826.868682272,451.575937033,0.242465753425,0.921052631579
on,1000,2,1,3,xunlei,1031.14872232,317.80454816,817.825204862,456.569445133,0.20476858345,0.947368421053
on,500,0,1,3,xunlei,1117.33341346,346.186652894,858.136955722,435.121687174,0.264507422402,0.921052631579
on,500,0,1,3,xunlei,980.127526614,303.038644556,790.218162659,472.520143986,0.240963855422,0.947368421053
on,500,0,1,3,xunlei,989.439850376,303.43403497,817.910306799,456.521939993,0.246861924686,0.921052631579
on,500,2,1,3,xunlei,1060.10058541,325.587256853,836.514251999,446.368963957,0.231707317073,0.894736842105
on,500,2,1,3,xunlei,1038.43602112,318.424005239,802.86940609,465.074390888,0.272606382979,0.947368421053